+-----+------+------+------+------+------+------+------+------+
| X   |   v1 |   v2 |   v3 |   v4 |   u1 |   u2 |   u3 |   u4 |
+=====+======+======+======+======+======+======+======+======+
| v1  |    0 |    1 |    2 |    1 |    1 |    1 |    2 |    1 |
+-----+------+------+------+------+------+------+------+------+
| v2  |    1 |    0 |    1 |    2 |    1 |    1 |    1 |    2 |
+-----+------+------+------+------+------+------+------+------+
| v3  |    2 |    1 |    0 |    1 |    2 |    1 |    1 |    1 |
+-----+------+------+------+------+------+------+------+------+
| v4  |    1 |    2 |    1 |    0 |    1 |    2 |    1 |    1 |
+-----+------+------+------+------+------+------+------+------+
| u1  |    1 |    1 |    2 |    1 |    0 |    1 |    2 |    1 |
+-----+------+------+------+------+------+------+------+------+
| u2  |    1 |    1 |    1 |    2 |    1 |    0 |    1 |    2 |
+-----+------+------+------+------+------+------+------+------+
| u3  |    2 |    1 |    1 |    1 |    2 |    1 |    0 |    1 |
+-----+------+------+------+------+------+------+------+------+
| u4  |    1 |    2 |    1 |    1 |    1 |    2 |    1 |    0 |
+-----+------+------+------+------+------+------+------+------+
